12;Thanasis Antetokounmpo;SF;30;MIL;37;0;5.6;0.5;1.2;0.435;0;0.2;0;0.5;1;0.526;0.435;0.3;0.6;0.5;0.4;0.8;1.2;0.4;0.1;0.1;0.3;0.6;1.4
14;OG Anunoby;SF;25;TOR;67;67;35.6;6.3;13.2;0.476;2.1;5.5;0.387;4.2;7.7;0.539;0.556;2.1;2.5;0.838;1.4;3.5;5;2;1.9;0.7;2;3;16.8
16;Deni Avdija;SF;22;WAS;76;40;26.6;3.3;7.6;0.437;0.9;3.1;0.297;2.4;4.6;0.53;0.497;1.6;2.2;0.739;1;5.4;6.4;2.8;0.9;0.4;1.6;2.8;9.2
20;Patrick Baldwin Jr.;SF;20;GSW;31;0;7.3;1.4;3.5;0.394;1;2.7;0.381;0.4;0.8;0.44;0.541;0.1;0.2;0.667;0;1.3;1.3;0.4;0.2;0.1;0.4;0.5;3.9
26;Dominick Barlow;SF;19;SAS;28;0;14.6;1.6;3.1;0.535;0;0.1;0;1.6;2.9;0.561;0.535;0.6;0.9;0.72;1.6;2;3.6;0.9;0.4;0.7;0.5;2;3.9
32;Keita Bates-Diop;SF;27;SAS;67;42;21.7;3.5;6.9;0.508;0.8;2.1;0.394;2.7;4.8;0.557;0.568;1.8;2.2;0.793;1;2.7;3.7;1.5;0.7;0.3;0.8;0.9;9.7
37;MarJon Beauchamp;SF;22;MIL;52;11;13.5;1.8;4.7;0.395;0.9;2.7;0.331;0.9;1.9;0.485;0.492;0.5;0.7;0.73;0.7;1.5;2.2;0.7;0.4;0.1;0.9;1.4;5.1
40;Saddiq Bey;SF;23;TOT;77;37;27.6;4.6;10.9;0.422;2;5.4;0.361;2.6;5.4;0.483;0.513;2.7;3.1;0.861;1.3;3.4;4.7;1.5;0.9;0.2;0.9;1.6;13.8
55;Malaki Branham;SF;19;SAS;66;32;23.5;4.1;9.3;0.44;1.2;3.9;0.302;2.9;5.4;0.539;0.503;0.9;1.1;0.829;0.4;2.3;2.7;1.9;0.5;0.1;1.2;1.7;10.2
58;Mikal Bridges;SF;26;TOT;83;83;35.7;7.1;15.3;0.468;2;5.3;0.382;5.1;9.9;0.514;0.535;3.8;4.3;0.895;1;3.4;4.4;3.3;1.1;0.7;1.5;1.9;20.1
59;Oshae Brissett;SF;24;IND;65;2;16.7;1.9;4.9;0.386;0.7;2.4;0.31;1.2;2.5;0.457;0.461;1.6;2.2;0.717;1;2.4;3.4;0.7;0.5;0.2;0.5;1.2;6.1
61;Dillon Brooks;SF;27;MEM;73;73;30.3;5.4;13.6;0.396;2;6;0.326;3.4;7.6;0.451;0.468;1.6;2.1;0.779;0.6;2.7;3.3;2.6;0.9;0.2;1.4;3.3;14.3
64;Jaylen Brown;SF;26;BOS;67;67;35.9;10.1;20.6;0.491;2.4;7.3;0.335;7.7;13.4;0.576;0.55;3.9;5.1;0.765;1.2;5.7;6.9;3.5;1.1;0.4;2.9;2.6;26.6
68;Troy Brown Jr.;SF;23;LAL;76;45;24.5;2.6;6.1;0.43;1.4;3.7;0.381;1.2;2.4;0.505;0.545;0.4;0.5;0.872;0.8;3.2;4.1;1.3;0.8;0.2;0.6;1.6;7.1
71;Reggie Bullock;SF;31;DAL;78;55;30.3;2.5;6;0.409;1.9;5.1;0.38;0.5;0.9;0.562;0.569;0.3;0.5;0.703;0.4;3.2;3.6;1.4;0.7;0.2;0.5;2.1;7.2
75;Jimmy Butler;SF;33;MIA;64;64;33.4;7.5;13.9;0.539;0.6;1.6;0.35;6.9;12.3;0.564;0.56;7.4;8.7;0.85;2.2;3.7;5.9;5.3;1.8;0.3;1.6;1.3;22.9
77;Jamal Cain;SF;23;MIA;18;0;13.3;2.1;3.7;0.561;0.4;1.1;0.35;1.7;2.6;0.652;0.614;0.9;1.2;0.773;0.8;2.1;2.9;0.7;0.6;0.1;0.3;1.2;5.4
87;Julian Champagnie;SF;21;TOT;17;3;18.8;3.5;7.6;0.454;1.9;4.8;0.402;1.5;2.8;0.542;0.581;0.8;1;0.824;0.6;2.9;3.5;0.6;0.4;0.3;0.6;1.5;9.7
88;Justin Champagnie;SF;21;TOT;5;0;6.8;1;3;0.333;0.2;1;0.2;0.8;2;0.4;0.367;0;0;0;0.6;1;1.6;0.8;0.2;0;0;0.4;2.2
103;Torrey Craig;SF;32;PHO;79;60;24.7;2.9;6.3;0.456;1.3;3.2;0.395;1.6;3.1;0.518;0.556;0.4;0.6;0.711;1.8;3.6;5.4;1.5;0.6;0.8;0.9;2.3;7.4
104;Jae Crowder;SF;32;MIL;18;3;18.9;2.5;5.2;0.479;1.3;3.1;0.436;1.2;2.2;0.538;0.606;0.6;0.7;0.833;0.9;2.9;3.8;1.5;0.7;0.3;0.4;1.5;6.9
117;DeMar DeRozan;SF;33;CHI;74;74;36.2;8.9;17.6;0.504;0.6;1.9;0.324;8.3;15.7;0.526;0.522;6.2;7.1;0.872;0.5;4.2;4.6;5.1;1.1;0.5;2.1;2.5;24.5
122;Ousmane Dieng;SF;19;OKC;39;1;14.6;1.9;4.6;0.42;0.7;2.5;0.265;1.3;2.1;0.602;0.492;0.4;0.6;0.652;0.5;2.2;2.7;1.2;0.4;0.2;0.7;1.1;4.9
134;Chris Duarte;SF;25;IND;46;12;19.5;2.7;7.2;0.369;1.2;3.8;0.316;1.5;3.5;0.428;0.452;1.3;1.6;0.847;0.4;2.1;2.5;1.4;0.5;0.2;0.9;1.4;7.9
141;Kessler Edwards;SF;22;TOT;36;4;10.7;1;2.6;0.387;0.5;1.5;0.309;0.5;1.1;0.5;0.478;0.3;0.4;0.733;0.6;1.1;1.7;0.6;0.4;0.2;0.4;1.1;2.8
148;Simone Fontecchio;SF;27;UTA;52;6;14.7;2.2;6;0.369;1.2;3.7;0.33;1;2.3;0.43;0.47;0.7;0.8;0.795;0.6;1.1;1.7;0.8;0.3;0.2;0.8;1.2;6.3
182;AJ Griffin;SF;19;ATL;72;12;19.5;3.4;7.4;0.465;1.4;3.6;0.39;2;3.8;0.536;0.56;0.6;0.7;0.894;0.5;1.6;2.1;1;0.6;0.2;0.6;1.2;8.9
187;Jordan Hall;SF;21;SAS;9;0;9.2;1;3.1;0.321;0.3;1.7;0.2;0.7;1.4;0.462;0.375;0.8;1;0.778;0.3;1;1.3;1.2;0.1;0;0.8;0.7;3.1
192;Ron Harper Jr.;SF;22;TOR;9;0;5.3;0.9;1.8;0.5;0.3;1;0.333;0.6;0.8;0.714;0.594;0.1;0.1;1;0.3;0.4;0.8;0.4;0;0.1;0;0.3;2.2
199;Josh Hart;SF-SG;27;TOT;76;52;32.3;3.6;6.8;0.529;0.8;2.2;0.372;2.8;4.7;0.601;0.588;1.7;2.3;0.75;1.9;5.9;7.8;3.8;1.2;0.3;1.5;2.6;9.8
205;Gordon Hayward;SF;32;CHO;50;50;31.5;5.5;11.6;0.475;1;3.2;0.325;4.5;8.4;0.532;0.52;2.6;3.2;0.811;0.7;3.6;4.3;4.1;0.8;0.2;2;1.4;14.7
209;Buddy Hield;SF;30;IND;80;73;31;5.9;13;0.458;3.6;8.5;0.425;2.3;4.5;0.518;0.596;1.3;1.6;0.822;0.8;4.2;5;2.8;1.2;0.3;1.7;2;16.8
210;Haywood Highsmith;SF;26;MIA;54;11;17.9;1.7;4;0.431;0.7;2;0.339;1;2;0.523;0.516;0.2;0.5;0.464;1.1;2.4;3.5;0.8;0.7;0.3;0.8;1.5;4.4
212;Malcolm Hill;SF;27;CHI;5;0;1.8;0.4;0.8;0.5;0.2;0.6;0.333;0.2;0.2;1;0.625;0;0;0;0;0.6;0.6;0;0;0;0;0.2;1
219;Danuel House Jr.;SF;29;PHI;56;5;14.4;1.7;3.5;0.472;0.7;2;0.336;1;1.6;0.644;0.566;0.8;1.1;0.75;0.2;1.5;1.7;0.8;0.3;0.2;0.5;1.2;4.8
220;Caleb Houstan;SF;20;ORL;51;4;15.9;1.3;3.6;0.363;0.9;2.7;0.338;0.4;0.9;0.435;0.489;0.3;0.4;0.833;0.7;1.3;1.9;0.6;0.2;0.1;0.4;1.2;3.8
224;De'Andre Hunter;SF;25;ATL;67;67;31.7;5.7;12.3;0.461;1.5;4.3;0.35;4.2;8;0.521;0.522;2.6;3.1;0.826;0.7;3.6;4.2;1.4;0.5;0.3;1.2;3;15.4
227;Andre Iguodala;SF;39;GSW;8;0;14.1;0.9;1.9;0.467;0.1;1.1;0.111;0.8;0.8;1;0.5;0.3;0.4;0.667;0.4;1.8;2.1;2.4;0.5;0.4;1.1;1.4;2.1
228;Joe Ingles;SF;35;MIL;46;0;22.7;2.3;5.4;0.435;1.8;4.4;0.409;0.5;1;0.556;0.603;0.4;0.5;0.857;0.3;2.5;2.8;3.3;0.7;0.1;1.2;1.6;6.9
229;Brandon Ingram;SF;25;NOP;45;45;34.2;9;18.6;0.484;1.4;3.6;0.39;7.6;14.9;0.507;0.522;5.3;6;0.882;0.5;5;5.5;5.8;0.7;0.4;3.3;2.6;24.7
236;Justin Jackson;SF;27;BOS;23;0;4.7;0.3;1.2;0.259;0.2;0.9;0.25;0.1;0.3;0.286;0.352;0;0.1;0.5;0.1;0.7;0.7;0.4;0.2;0.2;0.1;0.3;0.9
244;Jalen Johnson;SF;21;ATL;70;6;14.9;2.3;4.6;0.491;0.4;1.5;0.288;1.8;3.1;0.587;0.537;0.7;1.1;0.628;0.7;3.3;4;1.2;0.5;0.5;0.6;1.6;5.6
246;Keldon Johnson;SF;23;SAS;63;63;32.7;8;17.7;0.452;2.1;6.5;0.329;5.9;11.2;0.523;0.512;3.9;5.2;0.749;0.9;4.2;5;2.9;0.7;0.2;2.1;2;22
248;Stanley Johnson;SF;26;SAS;30;0;15.6;2.2;4.1;0.533;0.6;1.3;0.45;1.6;2.7;0.573;0.607;0.9;1.3;0.667;0.7;2.4;3.2;2.2;0.5;0.2;1.1;1.6;5.8
252;Derrick Jones Jr.;SF;25;CHI;64;0;14;1.8;3.6;0.5;0.4;1.3;0.338;1.4;2.3;0.587;0.559;1;1.3;0.738;0.9;1.5;2.4;0.5;0.5;0.6;0.4;1.3;5
253;Herbert Jones;SF;24;NOP;66;66;29.6;3.6;7.6;0.469;0.8;2.5;0.335;2.7;5.1;0.536;0.525;1.9;2.4;0.764;1.5;2.6;4.1;2.5;1.6;0.6;1.3;3.2;9.8
260;Johnny Juzang;SF;21;UTA;18;0;12.9;1.9;5.8;0.337;0.8;3.5;0.238;1.1;2.3;0.488;0.409;0.1;0.2;0.5;0.4;1.7;2.2;0.4;0.2;0.2;0.2;0.7;4.8
266;Braxton Key;SF;25;DET;3;0;3;0.3;0.3;1;0;0;0;0.3;0.3;1;1;0.7;0.7;1;0;0.3;0.3;0;0;0;0;0;1.3
267;Louis King;SF;23;PHI;1;0;29;8;13;0.615;4;8;0.5;4;5;0.8;0.769;0;1;0;2;2;4;2;1;0;2;4;20
268;Corey Kispert;SF;23;WAS;74;45;28.3;3.9;7.9;0.497;2.2;5.2;0.424;1.7;2.7;0.637;0.637;1;1.2;0.852;0.4;2.4;2.8;1.2;0.4;0.1;0.7;1.3;11.1
279;Anthony Lamb;SF;25;GSW;62;4;19.3;2.4;5.1;0.471;1.2;3.2;0.367;1.2;1.9;0.652;0.588;0.7;1;0.767;0.9;2.6;3.5;1.5;0.5;0.3;0.9;2.2;6.7
288;Kawhi Leonard;SF;31;LAC;52;50;33.6;8.6;16.8;0.512;2;4.8;0.416;6.6;11.9;0.551;0.572;4.7;5.4;0.871;1.1;5.4;6.5;3.9;1.4;0.5;1.7;1.6;23.8
293;Nassir Little;SF;22;POR;54;4;18.1;2.5;5.6;0.442;1.1;2.9;0.367;1.4;2.7;0.524;0.538;0.6;0.9;0.717;0.5;2.1;2.6;0.9;0.4;0.4;0.7;1.2;6.6
307;Lauri Markkanen;SF;25;UTA;66;66;34.4;8.7;17.3;0.499;3;7.7;0.391;5.6;9.6;0.585;0.586;5.3;6;0.875;2;6.7;8.6;1.9;0.6;0.6;1.9;2.1;25.6
308;Naji Marshall;SF;25;NOP;77;21;23.3;3.2;7.4;0.433;0.9;2.8;0.303;2.4;4.6;0.513;0.49;1.8;2.3;0.789;0.6;3;3.6;2.5;0.7;0.2;1.3;1.5;9.1
310;Cody Martin;SF;27;CHO;7;0;19.1;2;5.1;0.389;0.4;2;0.214;1.6;3.1;0.5;0.431;0.6;1;0.571;1.1;2.3;3.4;1.6;0.6;0.1;0.3;1.9;5
311;Kenyon Martin Jr.;SF;22;HOU;82;49;28;5;8.8;0.569;0.8;2.6;0.315;4.2;6.1;0.679;0.617;1.8;2.7;0.68;1.5;4;5.5;1.5;0.5;0.4;1.1;1.8;12.7
314;Bennedict Mathurin;SF;20;IND;78;17;28.5;5.3;12.2;0.434;1.3;4;0.323;4;8.2;0.488;0.487;4.8;5.8;0.828;1.1;3;4.1;1.5;0.6;0.2;1.9;2.1;16.7
322;Jaden McDaniels;SF;22;MIN;79;79;30.6;4.7;9.1;0.517;1.4;3.4;0.398;3.3;5.7;0.588;0.591;1.3;1.8;0.736;1.2;2.7;3.9;1.9;0.9;1;1.4;3.4;12.1
323;Jalen McDaniels;SF;25;TOT;80;24;23.9;3.5;7.7;0.455;1;2.9;0.332;2.6;4.8;0.53;0.518;1.5;1.7;0.841;0.8;3.5;4.3;1.6;1;0.4;1.2;2.6;9.4
324;Doug McDermott;SF;31;SAS;64;0;20.5;3.7;8.2;0.457;1.9;4.7;0.413;1.8;3.5;0.516;0.575;0.8;1.1;0.757;0.4;1.8;2.2;1.4;0.2;0.1;0.9;1.8;10.2
332;Khris Middleton;SF;31;MIL;33;19;24.3;5.4;12.3;0.436;1.5;4.9;0.315;3.8;7.4;0.516;0.499;2.8;3.1;0.902;0.8;3.4;4.2;4.9;0.7;0.2;2.2;2.1;15.1
335;Justin Minaya;SF;23;POR;4;0;22.3;1.8;5.8;0.304;0.8;3;0.25;1;2.8;0.364;0.37;0;0.3;0;0.8;3;3.8;1;0.5;1.3;1;2.3;4.3
336;Josh Minott;SF;20;MIN;15;0;6.4;1.2;2.4;0.5;0.1;0.4;0.333;1.1;2;0.533;0.528;0.5;0.5;1;0.3;1.3;1.7;0.3;0.3;0.4;0.2;0.7;3.1
341;Chima Moneke;SF;27;SAC;2;0;4;0.5;1;0.5;0;0;0;0.5;1;0.5;0.5;0;1;0;1;0;1;0.5;0;0;1;1;1
350;Trey Murphy III;SF;22;NOP;79;65;31;4.9;10.1;0.484;2.6;6.3;0.406;2.3;3.8;0.611;0.61;2.2;2.4;0.905;0.7;2.8;3.6;1.4;1.1;0.5;0.8;2;14.5
353;Keegan Murray;SF;22;SAC;80;78;29.8;4.4;9.8;0.453;2.6;6.3;0.411;1.9;3.5;0.527;0.584;0.8;1;0.765;1.1;3.5;4.6;1.2;0.8;0.5;0.8;2;12.2
355;Svi Mykhailiuk;SF;25;TOT;32;8;14.6;2.4;5.4;0.445;1.3;3.1;0.424;1.1;2.3;0.473;0.566;0.8;1.2;0.667;0.5;1.2;1.7;1.7;0.5;0.1;0.8;0.7;6.9
358;Aaron Nesmith;SF;23;IND;73;60;24.9;3.5;8.1;0.427;1.6;4.3;0.366;1.9;3.8;0.496;0.525;1.6;1.9;0.838;0.8;2.9;3.8;1.3;0.8;0.5;1;3.2;10.1
368;Jordan Nwora;SF;24;TOT;62;14;19.2;3.1;7.2;0.436;1.4;3.4;0.408;1.7;3.8;0.462;0.533;1.1;1.4;0.791;0.8;2.9;3.7;1.4;0.4;0.2;1.1;1.2;8.7
369;Royce O'Neale;SF;29;BRK;76;53;31.7;3;7.8;0.386;2.1;5.5;0.389;0.9;2.3;0.379;0.524;0.7;0.9;0.725;0.7;4.3;5.1;3.7;0.9;0.6;1.5;3.1;8.8
370;Chuma Okeke;SF;24;ORL;27;8;19.2;1.6;4.5;0.352;1;3.2;0.302;0.6;1.3;0.472;0.459;0.6;0.8;0.762;1;2.6;3.6;1.4;0.7;0.4;0.6;1.5;4.7
373;Isaac Okoro;SF;22;CLE;76;46;21.7;2.3;4.7;0.494;0.8;2.3;0.363;1.5;2.4;0.617;0.582;1;1.4;0.757;0.7;1.8;2.5;1.1;0.7;0.4;0.6;2.1;6.4
377;Eugene Omoruyi;SF;25;TOT;40;6;16.1;2.5;5.7;0.443;0.6;2.2;0.281;1.9;3.5;0.547;0.498;1.3;1.9;0.68;1.1;1.7;2.8;0.7;0.7;0.1;0.9;2.3;7
378;Cedi Osman;SF;27;CLE;77;2;20.1;3.1;6.9;0.451;1.5;4.1;0.372;1.6;2.8;0.564;0.56;1;1.4;0.694;0.3;2;2.3;1.5;0.5;0.1;0.7;1.6;8.7
379;Kelly Oubre Jr.;SF;27;CHO;48;40;32.3;7.4;17.1;0.431;2.3;7.1;0.319;5.1;10;0.51;0.497;3.3;4.3;0.76;1.4;3.8;5.2;1.1;1.4;0.4;1.3;2.9;20.3
390;Michael Porter Jr.;SF;24;DEN;62;62;29;6.4;13.2;0.487;3;7.3;0.414;3.4;5.9;0.579;0.602;1.5;1.9;0.8;1;4.5;5.5;1;0.6;0.5;1.1;1.9;17.4
391;Otto Porter Jr.;SF;29;TOR;8;2;18.3;1.9;3.8;0.5;0.8;2.1;0.353;1.1;1.6;0.692;0.6;1;1;1;0.8;1.6;2.4;1;1.4;0;0.5;0.9;5.5
399;Taurean Prince;SF;28;MIN;54;4;22.1;3.3;7;0.467;1.4;3.6;0.381;1.9;3.4;0.557;0.565;1.2;1.4;0.844;0.3;2.2;2.4;1.6;0.5;0.3;1.3;2.3;9.1
407;Cam Reddish;SF;23;TOT;40;20;24.8;3.5;7.8;0.446;1.1;3.6;0.313;2.4;4.2;0.56;0.518;1.6;1.9;0.853;0.5;1.8;2.2;1.4;1;0.4;1.2;1.8;9.7
415;Duncan Robinson;SF;28;MIA;42;1;16.5;2.1;5.6;0.371;1.5;4.6;0.328;0.6;1.1;0.556;0.504;0.7;0.8;0.906;0.2;1.5;1.6;1.1;0.3;0;0.7;1.8;6.4
427;Matt Ryan;SF;25;TOT;34;0;9.1;1.2;3.2;0.37;0.9;2.5;0.381;0.2;0.7;0.333;0.519;0.3;0.4;0.833;0.1;0.6;0.8;0.5;0.1;0;0.2;0.8;3.6
432;Jordan Schakel;SF;24;WAS;2;0;3;0.5;1;0.5;0.5;0.5;1;0;0.5;0;0.75;0;0;0;0;0;0;0.5;0.5;0;0;0.5;1.5
455;Xavier Sneed;SF;25;CHO;4;0;12;1.3;2.5;0.5;0.8;1.5;0.5;0.5;1;0.5;0.65;1;1;1;0;1.3;1.3;1.3;0;0.3;0.8;1.8;4.3
460;Max Strus;SF;26;MIA;80;33;28.4;4.1;9.9;0.41;2.5;7;0.35;1.6;2.8;0.559;0.535;1;1.1;0.876;0.6;2.6;3.2;2.1;0.5;0.2;0.9;2.1;11.5
463;Cole Swider;SF;23;LAL;7;0;5.9;0.4;1.3;0.333;0.4;1.1;0.375;0;0.1;0;0.5;0;0;0;0.1;0.9;1;0.6;0;0;0;0.4;1.3
464;Jae'Sean Tate;SF;27;HOU;31;7;21.8;3.5;7.4;0.48;0.4;1.5;0.283;3.1;5.9;0.53;0.509;1.6;2.2;0.725;1.3;2.5;3.8;2.7;0.7;0.2;1.5;3.4;9.1
477;Juan Toscano-Anderson;SF;29;TOT;52;9;13.5;1.2;2.8;0.448;0.2;0.8;0.186;1.1;1.9;0.56;0.476;0.4;0.5;0.792;0.5;1.8;2.4;1.3;0.3;0.2;0.7;1.5;3
491;Franz Wagner;SF;21;ORL;80;80;32.6;6.8;14;0.485;1.6;4.5;0.361;5.2;9.5;0.544;0.543;3.4;4;0.842;0.9;3.2;4.1;3.5;1;0.2;2.1;2.3;18.6
493;Ish Wainright;SF;28;PHO;60;2;15.3;1.4;3.8;0.37;1;2.9;0.329;0.5;0.9;0.5;0.496;0.4;0.5;0.839;0.8;1.6;2.3;0.9;0.6;0.4;0.4;2;4.2
494;Jabari Walker;SF;20;POR;56;0;11.1;1.5;3.5;0.419;0.3;1;0.286;1.2;2.5;0.472;0.46;0.6;0.8;0.756;0.9;1.5;2.3;0.6;0.2;0.2;0.5;1.2;3.9
502;Yuta Watanabe;SF;28;BRK;58;1;16;2;4;0.491;1;2.3;0.444;0.9;1.7;0.557;0.621;0.6;0.8;0.723;0.5;1.9;2.4;0.8;0.4;0.3;0.4;1.4;5.6
510;Jack White;SF;25;DEN;17;0;3.9;0.5;1.1;0.421;0.2;0.5;0.333;0.3;0.6;0.5;0.5;0.1;0.2;0.667;0.4;0.6;1;0.2;0.2;0.1;0.1;0.5;1.2
511;Joe Wieskamp;SF;23;TOR;9;0;5.6;0.3;1.6;0.214;0.3;1.3;0.25;0;0.2;0;0.321;0;0;0;0;0.4;0.4;0.3;0;0;0.1;0.3;1
513;Andrew Wiggins;SF;27;GSW;37;37;32.2;6.8;14.3;0.473;2.4;6.1;0.396;4.4;8.2;0.53;0.557;1.2;1.9;0.611;1.6;3.4;5;2.3;1.2;0.8;1.3;2.9;17.1
526;Ziaire Williams;SF;21;MEM;37;4;15.2;2.3;5.3;0.429;0.7;2.6;0.258;1.6;2.7;0.596;0.492;0.5;0.6;0.773;0.4;1.7;2.1;0.9;0.4;0.2;1;1.6;5.7
528;Dylan Windler;SF;26;CLE;3;0;3.3;0.7;1;0.667;0.3;0.7;0.5;0.3;0.3;1;0.833;0;0;0;0;0;0;0.3;0.3;0;0.3;0;1.7
529;Justise Winslow;SF;26;POR;29;11;26.8;2.8;6.8;0.409;0.5;1.6;0.311;2.3;5.3;0.438;0.444;0.7;1;0.714;1.7;3.3;5;3.4;1;0.4;1.5;3.1;6.8
